11 109
167 88
3 27
142 27
62 40
174 19
196 40
40 135
65 142
88 34
2 80
168 15
27 70
171 167
160 142
188 55
29 27
129 105
174 172
135 48
48 190
191 168
14 28
94 92
105 171
174 157
172 17
13 135
109 21
145 27
88 21
11 133
154 136
111 160
65 157
2 161
154 6
34 86
17 96
43 5
29 72
104 191
118 57
26 118
174 9
17 146
3 186
86 12
27 51
167 199
3 91
65 20
171 49
196 162
113 40
88 185
180 118
13 197
13 82
128 21
78 107
190 162
6 21
70 133
110 124
76 184
20 171
24 0
4 27
8 116
180 30
22 135
21 92
39 137
41 116
72 20
31 11
159 36
125 166
4 174
103 111
163 135
194 172
153 196
118 112
191 145
193 180
19 59
4 190
15 60
73 149
24 178
111 61
43 195
121 51
109 151
196 77
111 113
97 167
59 141
72 68
65 115
184 50
112 70
176 172
110 197
114 43
102 193
26 195
112 154
168 83
70 120
196 84
185 191
104 74
186 146
184 59
142 155
24 32
62 25
29 66
122 161
143 167
153 121
182 160
39 198
114 133
76 195
12 69
176 198
49 79
9 194
46 107
37 141
67 176
77 166
2 126
122 180
66 198
47 73
165 178
197 183
159 158
103 89
159 134
85 173
74 13
131 198
45 171
104 155
119 129
117 133
44 29
18 82
197 10
54 96
191 182
120 99
78 112
192 15
68 91
152 106
16 71
116 69
114 165
136 170
101 36
149 76
116 59
41 10
115 26
49 97
26 183
59 99
100 61
173 45
197 64
24 10
25 191
170 8
98 177
35 125
115 113
116 23
74 89
0 75
194 10
71 75
169 146
31 110
112 4
86 192
198 90
145 147
38 144
114 97
177 36
192 173
67 143
66 153
132 116
67 158
101 126
81 85
18 187
155 122
110 138
81 153
77 112
192 103
39 84
18 165
83 22
119 61
44 177
112 152
199 95
95 98
132 32
31 77
74 10
120 84
120 84
122 75
42 38
139 16
69 18
37 58
16 52
132 22
163 169
158 60
120 170
183 155
147 139
42 140
81 119
54 123
130 138
164 45
95 97
90 77
123 83
53 130
164 170
10 134
126 123
132 45
119 143
